1 0.20907738095238096 0.3505291005291005 0.2088293650793651 0.3584656084656085 0.2105654761904762 0.3723544973544973 0.21428571428571427 0.3869047619047619 0.21378968253968253 0.3998015873015873 0.21552579365079366 0.40343915343915343 0.22767857142857142 0.4027777777777778 0.23412698412698413 0.4001322751322751 0.23462301587301587 0.39715608465608465 0.23363095238095238 0.3931878306878307 0.23635912698412698 0.38425925925925924 0.2361111111111111 0.37665343915343913 0.23412698412698413 0.373015873015873 0.23412698412698413 0.3697089947089947 0.23239087301587302 0.36937830687830686 0.23115079365079366 0.3627645502645503 0.234375 0.3584656084656085 0.24454365079365079 0.35185185185185186 0.24851190476190477 0.35119047619047616 0.2509920634920635 0.3521825396825397 0.2646329365079365 0.3716931216931217 0.26959325396825395 0.37466931216931215 0.2725694444444444 0.37863756613756616 0.2757936507936508 0.3783068783068783 0.27306547619047616 0.35284391534391535 0.27331349206349204 0.34523809523809523 0.27157738095238093 0.32671957671957674 0.2681051587301587 0.3082010582010582 0.26413690476190477 0.25165343915343913 0.2614087301587302 0.24206349206349206 0.26339285714285715 0.23412698412698413 0.2710813492063492 0.22023809523809523 0.27554563492063494 0.21461640211640212 0.2904265873015873 0.20866402116402116 0.29191468253968256 0.2056878306878307 0.29017857142857145 0.2013888888888889 0.2857142857142857 0.19874338624338625 0.27653769841269843 0.1970899470899471 0.26711309523809523 0.19808201058201058 0.2584325396825397 0.2013888888888889 0.251984126984127 0.20601851851851852 0.24330357142857142 0.2156084656084656 0.2361111111111111 0.2328042328042328 0.22544642857142858 0.26884920634920634 0.21949404761904762 0.2962962962962963 0.21825396825396826 0.30687830687830686 0.21329365079365079 0.3210978835978836
1 0.49975198412698413 0.38955026455026454 0.49710639880952384 0.4006835317460317 0.48586309523809523 0.416005291005291 0.47941468253968256 0.42162698412698413 0.47966269841269843 0.42328042328042326 0.5131448412698413 0.41369047619047616 0.5297619047619048 0.4123677248677249 0.5329861111111112 0.41104497354497355 0.5347222222222222 0.4074074074074074 0.5347222222222222 0.4001322751322751 0.5324900793650794 0.39616402116402116 0.529265873015873 0.39351851851851855 0.5086805555555556 0.38756613756613756 0.5034722222222222 0.38756613756613756
1 0.4357638888888889 0.41855489417989417 0.008928571428571428 0.003498677248677249
1 0.5017361111111112 0.5198412698412699 0.49851190476190477 0.5224867724867724 0.5004960317460317 0.52744708994709 0.5062003968253969 0.5317460317460317 0.5064484126984127 0.5343915343915344 0.5109126984126984 0.5337301587301587 0.5168650793650794 0.5383597883597884 0.5190972222222222 0.5439814814814815 0.5188492063492064 0.5466269841269841 0.5240575396825397 0.5502645502645502 0.5297619047619048 0.5505952380952381 0.5456349206349206 0.5443121693121693 0.5505952380952381 0.5436507936507936 0.5518353174603174 0.541005291005291 0.578125 0.5261243386243386 0.5870535714285714 0.517526455026455 0.6056547619047619 0.5069444444444444 0.6200396825396826 0.4957010582010582 0.6346726190476191 0.47685185185185186 0.6359126984126984 0.47023809523809523 0.6336805555555556 0.4679232804232804 0.6272321428571429 0.4685846560846561 0.6039186507936508 0.48313492063492064 0.5860615079365079 0.49107142857142855 0.5818452380952381 0.49404761904761907 0.5711805555555556 0.4966931216931217 0.5679563492063492 0.4990079365079365 0.5525793650793651 0.5006613756613757 0.5436507936507936 0.5052910052910053 0.5416666666666666 0.5082671957671958 0.5391865079365079 0.5082671957671958 0.5399305555555556 0.5092592592592593 0.5384424603174603 0.5132275132275133 0.5364583333333334 0.5142195767195767 0.5319940476190477 0.5142195767195767 0.5290178571428571 0.5119047619047619 0.5228174603174603 0.5142195767195767 0.511656746031746 0.515542328042328
1 0.6019345238095238 0.5562169312169312 0.6016865079365079 0.5575396825396826 0.6059027777777778 0.5618386243386243 0.6121031746031746 0.5634920634920635 0.6207837301587301 0.5621693121693122 0.6361607142857143 0.5667989417989417 0.640625 0.5707671957671958 0.642609126984127 0.5767195767195767 0.6408730158730159 0.5886243386243386 0.6336805555555556 0.5952380952380952 0.6302083333333334 0.6081349206349206 0.625 0.6127645502645502 0.6279761904761905 0.6140873015873016 0.6334325396825397 0.6121031746031746 0.640625 0.6018518518518519 0.6423611111111112 0.5962301587301587 0.6440972222222222 0.5945767195767195 0.6483134920634921 0.5856481481481481 0.6530257936507936 0.5684523809523809 0.6624503968253969 0.5502645502645502 0.6666666666666666 0.5343915343915344 0.6755952380952381 0.5119047619047619 0.6763392857142857 0.5056216931216931 0.6778273809523809 0.501984126984127 0.6810515873015873 0.49702380952380953 0.683531746031746 0.4957010582010582 0.6924603174603174 0.49437830687830686 0.6966765873015873 0.4923941798941799 0.6989087301587301 0.4887566137566138 0.6989087301587301 0.4837962962962963 0.6929563492063492 0.48048941798941797 0.6798115079365079 0.47883597883597884 0.6594742063492064 0.48115079365079366 0.6555059523809523 0.4828042328042328 0.6403769841269841 0.49966931216931215 0.6267361111111112 0.5188492063492064 0.6158234126984127 0.531415343915344
1 0.6150793650793651 0.43287037037037035 0.6145833333333334 0.4375 0.6160714285714286 0.4427910052910053 0.6254960317460317 0.453042328042328 0.626984126984127 0.4626322751322751 0.6297123015873016 0.46494708994708994 0.636656746031746 0.4669312169312169 0.6376488095238095 0.4748677248677249 0.6438492063492064 0.47883597883597884 0.6473214285714286 0.4794973544973545 0.6629464285714286 0.4781746031746032 0.6899801587301587 0.47883597883597884 0.7033730158730159 0.4808201058201058 0.7160218253968254 0.48478835978835977 0.7341269841269841 0.48677248677248675 0.7415674603174603 0.4851190476190476 0.7442956349206349 0.482473544973545 0.7554563492063492 0.482473544973545 0.7700892857142857 0.4775132275132275 0.7765376984126984 0.4738756613756614 0.7849702380952381 0.4669312169312169 0.7919146825396826 0.4599867724867725 0.7934027777777778 0.45701058201058203 0.7889384920634921 0.4494047619047619 0.7829861111111112 0.4451058201058201 0.7693452380952381 0.45006613756613756 0.7631448412698413 0.45072751322751325 0.7547123015873016 0.45072751322751325 0.7306547619047619 0.44642857142857145 0.7234623015873016 0.44345238095238093 0.7140376984126984 0.435515873015873 0.7065972222222222 0.43154761904761907 0.6941964285714286 0.42923280423280424 0.6607142857142857 0.4193121693121693 0.6512896825396826 0.41435185185185186 0.6428571428571429 0.4146825396825397 0.623015873015873 0.4203042328042328 0.6195436507936508 0.42328042328042326 0.6160714285714286 0.42857142857142855
1 0.75 0.5545634920634921 0.748015873015873 0.5638227513227513 0.7487599206349206 0.5744047619047619 0.7512400793650794 0.5823412698412699 0.7581845238095238 0.5896164021164021 0.7738095238095238 0.5909391534391535 0.783234126984127 0.5889550264550265 0.7934027777777778 0.5853174603174603 0.8177083333333334 0.5730820105820106 0.8221726190476191 0.5720899470899471 0.8345734126984127 0.5648148148148148 0.8511904761904762 0.548941798941799 0.8546626984126984 0.5324074074074074 0.8601190476190477 0.5241402116402116 0.8628472222222222 0.5148809523809523 0.8638392857142857 0.4947089947089947 0.8623511904761905 0.49107142857142855 0.8596230158730159 0.4894179894179894 0.8576388888888888 0.49007936507936506 0.8521825396825397 0.4947089947089947 0.8375496031746031 0.5122354497354498 0.8020833333333334 0.5228174603174603 0.7961309523809523 0.5211640211640212 0.7894345238095238 0.5224867724867724 0.7894345238095238 0.5234788359788359 0.7834821428571429 0.5261243386243386 0.7765376984126984 0.5241402116402116 0.7671130952380952 0.5257936507936508 0.7621527777777778 0.5307539682539683 0.7547123015873016 0.5413359788359788
1 0.7888144841269841 0.5698677248677249 0.004712301587301587 0.001798941798941799
1 0.816468253968254 0.6011904761904762 0.8139880952380952 0.6058201058201058 0.8142361111111112 0.607473544973545 0.8157242063492064 0.6081349206349206 0.8268849206349206 0.6048280423280423 0.8487103174603174 0.603505291005291 0.8541666666666666 0.5992063492063492 0.8645833333333334 0.5611772486772487 0.8640873015873016 0.544973544973545 0.8618551587301587 0.5287698412698413 0.8606150793650794 0.5267857142857143 0.857390873015873 0.5271164021164021 0.8539186507936508 0.5327380952380952 0.8524305555555556 0.5370370370370371 0.8514384920634921 0.5466269841269841 0.8494543650793651 0.5519179894179894 0.8452380952380952 0.5552248677248677 0.8392857142857143 0.5625 0.8266369047619048 0.5856481481481481
1 0.6815476190476191 0.37533068783068785 0.6820436507936508 0.39021164021164023 0.6902281746031746 0.4113756613756614 0.7023809523809523 0.4262566137566138 0.7135416666666666 0.4332010582010582 0.8053075396825397 0.44312169312169314 0.8152281746031746 0.44246031746031744 0.8219246031746031 0.43882275132275134 0.824156746031746 0.435515873015873 0.8226686507936508 0.4332010582010582 0.8211805555555556 0.4252645502645503 0.8189484126984127 0.42162698412698413 0.7924107142857143 0.4117063492063492 0.7837301587301587 0.40575396825396826 0.7735615079365079 0.4021164021164021 0.7621527777777778 0.3898809523809524 0.7562003968253969 0.3872354497354497 0.7549603174603174 0.38525132275132273 0.7408234126984127 0.3816137566137566 0.7353670634920635 0.37797619047619047 0.7291666666666666 0.37665343915343913 0.6915133928571428 0.37466931216931215 0.6857638888888888 0.37334656084656087
1 0.6145833333333334 0.3716931216931217 0.6135912698412699 0.38293650793650796 0.6158234126984127 0.3921957671957672 0.6192956349206349 0.39616402116402116 0.6227678571428571 0.39814814814814814 0.6304563492063492 0.398478835978836 0.6398809523809523 0.3958333333333333 0.6520337301587301 0.3898809523809524 0.660218253968254 0.37996031746031744 0.6607142857142857 0.3723544973544973 0.6651785714285714 0.3697089947089947 0.6617063492063492 0.3683862433862434 0.652281746031746 0.3697089947089947 0.6267361111111112 0.3683862433862434 0.6155753968253969 0.37003968253968256
1 0.6592261904761905 0.2896825396825397 0.6614583333333334 0.29298941798941797 0.6693948412698413 0.2933201058201058 0.6808035714285714 0.29662698412698413 0.6989087301587301 0.29728835978835977 0.7073412698412699 0.29927248677248675 0.7135416666666666 0.2962962962962963 0.7316468253968254 0.28174603174603174 0.7353670634920635 0.2800925925925926 0.7358630952380952 0.2761243386243386 0.7341269841269841 0.2724867724867725 0.7222222222222222 0.2612433862433862 0.7123015873015873 0.2605820105820106 0.701140873015873 0.267526455026455 0.6981646825396826 0.26785714285714285 0.6932043650793651 0.2648809523809524 0.6857638888888888 0.267526455026455 0.6746031746031746 0.2757936507936508 0.669890873015873 0.2830687830687831
1 0.46552579365079366 0.29662698412698413 0.4660218253968254 0.30357142857142855 0.46205357142857145 0.3201058201058201 0.46304563492063494 0.33134920634920634 0.47023809523809523 0.33796296296296297 0.4739583333333333 0.3396164021164021 0.4915674603174603 0.3386243386243386 0.4937996031746032 0.3349867724867725 0.49404761904761907 0.3125 0.4972718253968254 0.29365079365079366 0.5007440476190477 0.2814153439153439 0.5024801587301587 0.27744708994708994 0.5057043650793651 0.27414021164021163 0.5124007936507936 0.2708333333333333 0.519593253968254 0.2705026455026455 0.5540674603174603 0.2751322751322751 0.5607638888888888 0.27976190476190477 0.5736607142857143 0.26951058201058203 0.5868055555555556 0.2708333333333333 0.6026785714285714 0.2701719576719577 0.6267361111111112 0.25992063492063494 0.6401289682539683 0.25132275132275134 0.6421130952380952 0.24801587301587302 0.6423611111111112 0.2371031746031746 0.640625 0.2337962962962963 0.6361607142857143 0.23346560846560846 0.6165674603174603 0.24107142857142858 0.5788690476190477 0.24272486772486773 0.5756448412698413 0.24074074074074073 0.574156746031746 0.2347883597883598 0.5724206349206349 0.23313492063492064 0.5679563492063492 0.230489417989418 0.5607638888888888 0.23082010582010581 0.5592757936507936 0.2328042328042328 0.5481150793650794 0.2371031746031746 0.5213293650793651 0.2533068783068783 0.5086805555555556 0.2569444444444444 0.4945436507936508 0.2628968253968254 0.4771825396825397 0.2744708994708995 0.47271825396825395 0.2791005291005291 0.46899801587301587 0.2853835978835979