1 0.4461805555555556 0.6570767195767195 0.4459325396825397 0.6633597883597884 0.44816468253968256 0.6716269841269841 0.45287698412698413 0.6785714285714286 0.46651785714285715 0.689484126984127 0.47371031746031744 0.6927910052910053 0.4930555555555556 0.6970899470899471 0.4947916666666667 0.6960978835978836 0.49603174603174605 0.6927910052910053 0.49330357142857145 0.6792328042328042 0.49429563492063494 0.6755952380952381 0.5042162698412699 0.6630291005291006 0.5121527777777778 0.6587301587301587 0.5205853174603174 0.6507936507936508 0.5193452380952381 0.6484788359788359 0.48249727182539687 0.6517857142857143 0.45783730158730157 0.6494708994708994 0.453125 0.6504629629629629 0.4479166666666667 0.6541005291005291
1 0.3539186507936508 0.5271164021164021 0.3529265873015873 0.5291005291005291 0.35342261904761907 0.5327380952380952 0.3559027777777778 0.5360449735449735 0.36259920634920634 0.5390211640211641 0.3767361111111111 0.5423280423280423 0.40848214285714285 0.5363756613756614 0.41249181547619046 0.5340608465608465 0.42931547619047616 0.5333994708994709 0.46279761904761907 0.5406746031746031 0.4880952380952381 0.5496031746031746 0.5181051587301587 0.5578703703703703 0.5711805555555556 0.5674603174603174 0.5880456349206349 0.566468253968254 0.6061507936507936 0.560515873015873 0.6197916666666666 0.5502645502645502 0.626984126984127 0.5396825396825397 0.6245039682539683 0.5324074074074074 0.6257440476190477 0.5248015873015873 0.6252480158730159 0.5211640211640212 0.6128472222222222 0.5036375661375662 0.6001984126984127 0.49007936507936506 0.5952380952380952 0.48677248677248675 0.5811011904761905 0.48214285714285715 0.5461309523809523 0.4781746031746032 0.5228174603174603 0.4808201058201058 0.5183531746031746 0.4801587301587302 0.4290674603174603 0.4930555555555556 0.41691468253968256 0.49933862433862436 0.4079861111111111 0.5 0.40476190476190477 0.501984126984127 0.3931051587301587 0.5046296296296297 0.3759920634920635 0.5109126984126984 0.373015873015873 0.5095899470899471 0.37003968253968256 0.5105820105820106 0.36731150793650796 0.5119047619047619 0.36731150793650796 0.5162037037037037
1 0.25570436507936506 0.49437830687830686 0.25595238095238093 0.49834656084656087 0.26512896825396826 0.5026455026455027 0.2993551587301587 0.5069444444444444 0.3082837301587302 0.5142195767195767 0.32068452380952384 0.5181878306878307 0.3256448412698413 0.5181878306878307 0.33556547619047616 0.5105820105820106 0.3940972222222222 0.47784391534391535 0.4117063492063492 0.4632936507936508 0.4246031746031746 0.4503968253968254 0.42981150793650796 0.44212962962962965 0.43427579365079366 0.4289021164021164 0.43774801587301587 0.4083994708994709 0.4367559523809524 0.3968253968253968 0.43452380952380953 0.39384920634920634 0.4290674603174603 0.39186507936507936 0.41369047619047616 0.3921957671957672 0.404265873015873 0.3948412698412698 0.39384920634920634 0.3998015873015873 0.376984126984127 0.41104497354497355 0.35912698412698413 0.42592592592592593 0.3335813492063492 0.4441137566137566 0.32688492063492064 0.4513888888888889 0.3209325396825397 0.46064814814814814 0.31274801587301587 0.4695767195767196 0.3030753968253968 0.47685185185185186 0.29464285714285715 0.4880952380952381 0.28422619047619047 0.4930555555555556 0.2748015873015873 0.4933862433862434 0.2648809523809524 0.49173280423280424
1 0.11135912698412699 0.484457671957672 0.10987103174603174 0.4877645502645503 0.11557539682539683 0.49834656084656087 0.1195436507936508 0.5026455026455027 0.13343253968253968 0.5072751322751323 0.15625 0.5178571428571429 0.1691468253968254 0.5211640211640212 0.1793154761904762 0.5254629629629629 0.21329365079365079 0.5529100529100529 0.23239087301587302 0.5618386243386243 0.23363095238095238 0.5641534391534392 0.24603174603174602 0.5717592592592593 0.2542162698412698 0.5783730158730159 0.2584325396825397 0.5790343915343915 0.2619047619047619 0.5816798941798942 0.26884920634920634 0.5823412698412699 0.2854662698412698 0.591931216931217 0.30357142857142855 0.5985449735449735 0.31820436507936506 0.5988756613756614 0.3196924603174603 0.5958994708994709 0.3216765873015873 0.5949074074074074 0.32490079365079366 0.5958994708994709 0.33482142857142855 0.591931216931217 0.3343253968253968 0.5863095238095238 0.33630952380952384 0.583994708994709 0.34151785714285715 0.5836640211640212 0.34523809523809523 0.576058201058201 0.34523809523809523 0.5707671957671958 0.3392857142857143 0.5582010582010583 0.33978174603174605 0.548941798941799 0.33878968253968256 0.5433201058201058 0.3353174603174603 0.5357142857142857 0.328125 0.5257936507936508 0.31547619047619047 0.5188492063492064 0.3055555555555556 0.5185185185185185 0.2926587301587302 0.5158730158730159 0.2924107142857143 0.5115740740740741 0.2876984126984127 0.5082671957671958 0.27331349206349204 0.5052910052910053 0.26785714285714285 0.5066137566137566 0.2544642857142857 0.5003306878306878 0.24131944444444445 0.49933862433862436 0.23015873015873015 0.4966931216931217 0.2105654761904762 0.48677248677248675 0.18601190476190477 0.48412698412698413 0.18204365079365079 0.482473544973545 0.16294642857142858 0.4794973544973545 0.12227182539682539 0.48115079365079366 0.11458333333333333 0.482473544973545
1 0.057291666666666664 0.5257936507936508 0.05704365079365079 0.5291005291005291 0.060515873015873016 0.5363756613756614 0.08159722222222222 0.5532407407407407 0.0873015873015873 0.5618386243386243 0.09126984126984126 0.5697751322751323 0.09275793650793651 0.5757275132275133 0.09226190476190477 0.5886243386243386 0.09573412698412699 0.591931216931217 0.11135912698412699 0.59755291005291 0.11631944444444445 0.6005291005291006 0.12549603174603174 0.6130952380952381 0.1440972222222222 0.6306216931216931 0.1671626984126984 0.6418650793650794 0.17881944444444445 0.6428571428571429 0.20188492063492064 0.6332671957671958 0.20709325396825398 0.6276455026455027 0.21378968253968253 0.6157407407407407 0.2160218253968254 0.5942460317460317 0.21378968253968253 0.5770502645502645 0.21354166666666666 0.5631613756613757 0.21205357142857142 0.5575396825396826 0.20634920634920634 0.5499338624338624 0.18998015873015872 0.5376984126984127 0.1817956349206349 0.53505291005291 0.1753472222222222 0.5376984126984127 0.16865079365079366 0.5423280423280423 0.1609623015873016 0.5413359788359788 0.15674603174603174 0.5386904761904762 0.15252976190476192 0.5340608465608465 0.1498015873015873 0.5257936507936508 0.14434523809523808 0.5241402116402116 0.1331845238095238 0.5152116402116402 0.12748015873015872 0.5148809523809523 0.12028769841269842 0.5185185185185185 0.11284722222222222 0.5181878306878307 0.10218253968253968 0.5158730158730159 0.09796626984126984 0.5138888888888888 0.09176587301587301 0.5082671957671958 0.07961309523809523 0.5046296296296297 0.06944444444444445 0.5052910052910053 0.0642361111111111 0.5082671957671958 0.061755952380952384 0.5168650793650794
1 0.003472222222222222 0.7913359788359788 0.002976190476190476 0.8035714285714286 0.004216269841269841 0.8068783068783069 0.011408730158730158 0.8177910052910053 0.015128968253968254 0.8197751322751323 0.02132936507936508 0.8207671957671958 0.06498015873015874 0.8187830687830688 0.07366071428571429 0.8227513227513228 0.08482142857142858 0.8220899470899471 0.11433531746031746 0.814484126984127 0.1579861111111111 0.7976190476190477 0.17584325396825398 0.7873677248677249 0.22544642857142858 0.7466931216931217 0.23387896825396826 0.7423941798941799 0.24032738095238096 0.7417328042328042 0.24454365079365079 0.746031746031746 0.24751984126984128 0.7473544973544973 0.2569444444444444 0.7470238095238095 0.27232142857142855 0.7374338624338624 0.2829861111111111 0.7281746031746031 0.296875 0.7099867724867724 0.2996031746031746 0.7027116402116402 0.3005952380952381 0.6891534391534392 0.3033234126984127 0.6795634920634921 0.31374007936507936 0.6537698412698413 0.31473214285714285 0.646494708994709 0.31398809523809523 0.6398809523809523 0.3117559523809524 0.6332671957671958 0.3072916666666667 0.628968253968254 0.2867063492063492 0.6256613756613757 0.2527281746031746 0.6362433862433863 0.24479166666666666 0.6402116402116402 0.23511904761904762 0.6471560846560847 0.2170138888888889 0.6610449735449735 0.20982142857142858 0.6683201058201058 0.1847718253968254 0.6865079365079365 0.15749007936507936 0.7013888888888888 0.14285714285714285 0.7053571428571429 0.13740079365079366 0.7086640211640212 0.1297123015873016 0.7182539682539683 0.1259920634920635 0.7275132275132276 0.1195436507936508 0.7357804232804233 0.11532738095238096 0.7387566137566137 0.09499007936507936 0.7483465608465608 0.07068452380952381 0.7562830687830688 0.03993055555555555 0.7688492063492064 0.023065476190476192 0.7748015873015873 0.008680555555555556 0.7781084656084656 0.004712301587301587 0.7827380952380952
1 0.1579861111111111 0.8869047619047619 0.15203373015873015 0.9034391534391535 0.14508928571428573 0.9113756613756614 0.14508928571428573 0.9146825396825397 0.14732142857142858 0.9186507936507936 0.17485119047619047 0.9209656084656085 0.2527281746031746 0.9401455026455027 0.26840277777777777 0.941468253968254 0.2720734126984127 0.9441137566137566 0.27033730158730157 0.953042328042328 0.27157738095238093 0.9573412698412699 0.27132936507936506 0.9666005291005291 0.2725694444444444 0.968915343915344 0.2760416666666667 0.968915343915344 0.2785218253968254 0.9718915343915344 0.2867063492063492 0.9672619047619048 0.29563492063492064 0.9692460317460317 0.30753968253968256 0.9699074074074074 0.3382936507936508 0.9636243386243386 0.34871031746031744 0.9599867724867724 0.37524801587301587 0.9434523809523809 0.38318452380952384 0.9398148148148148 0.39856150793650796 0.935515873015873 0.4156746031746032 0.935515873015873 0.4496527777777778 0.9262566137566137 0.4712301587301587 0.9176587301587301 0.4816468253968254 0.9110449735449735 0.48834325396825395 0.9087301587301587 0.49528769841269843 0.9031084656084656 0.503968253968254 0.8941798941798942 0.5131448412698413 0.8766534391534392 0.515625 0.8667328042328042 0.5173611111111112 0.8528439153439153 0.5248015873015873 0.8330026455026455 0.5310019841269841 0.8204365079365079 0.5322420634920635 0.8118386243386243 0.5317460317460317 0.796957671957672 0.5302579365079365 0.7926587301587301 0.5260416666666666 0.7873677248677249 0.5158730158730159 0.7797619047619048 0.5081845238095238 0.7771164021164021 0.49875992063492064 0.7757936507936508 0.48040674603174605 0.7781084656084656 0.4632936507936508 0.783068783068783 0.4486607142857143 0.7890211640211641 0.3878968253968254 0.8230820105820106 0.3382936507936508 0.8482142857142857 0.3288690476190476 0.8597883597883598 0.30431547619047616 0.8812830687830688 0.29985119047619047 0.8835978835978836 0.2822420634920635 0.8809523809523809 0.2524801587301587 0.8720238095238095 0.2390873015873016 0.8716931216931217 0.21354166666666666 0.8740079365079365 0.17906746031746032 0.8799603174603174 0.16741071428571427 0.8802910052910053 0.16121031746031747 0.8829365079365079
1 0.6832837301587301 0.4113756613756614 0.6810515873015873 0.4113756613756614 0.6904761904761905 0.42857142857142855 0.6996527777777778 0.43716931216931215 0.7120535714285714 0.45337301587301587 0.7333829365079365 0.47156084656084657 0.7452876984126984 0.478505291005291 0.7477678571428571 0.48743386243386244 0.751984126984127 0.4914021164021164 0.7790178571428571 0.5095899470899471 0.7854662698412699 0.5152116402116402 0.7916666666666666 0.5234788359788359 0.7958829365079365 0.533068783068783 0.816468253968254 0.5575396825396826 0.8211805555555556 0.5717592592592593 0.8209325396825397 0.5747354497354498 0.8224206349206349 0.5753968253968254 0.8236607142857143 0.578042328042328 0.8355654761904762 0.582010582010582 0.8368055555555556 0.5849867724867724 0.8422619047619048 0.5889550264550265 0.8442460317460317 0.591931216931217 0.8551587301587301 0.5962301587301587 0.8878968253968254 0.5968915343915344 0.8980654761904762 0.6001984126984127 0.9005456349206349 0.6021825396825397 0.9164186507936508 0.6044973544973545 0.9243551587301587 0.6021825396825397 0.9288194444444444 0.5988756613756614 0.9308035714285714 0.5952380952380952 0.9332837301587301 0.5849867724867724 0.9330357142857143 0.5787037037037037 0.9325396825396826 0.5740740740740741 0.9285714285714286 0.5608465608465608 0.9184027777777778 0.5396825396825397 0.9077380952380952 0.5224867724867724 0.8931051587301587 0.5085978835978836 0.8435019841269841 0.4751984126984127 0.8174603174603174 0.4540343915343915 0.8070436507936508 0.4470899470899471 0.8003472222222222 0.44047619047619047 0.7765376984126984 0.4298941798941799 0.7619047619047619 0.4203042328042328 0.751984126984127 0.4156746031746032 0.7465277777777778 0.4150132275132275 0.7351190476190477 0.4183201058201058 0.7264384920634921 0.41898148148148145
1 0.5466269841269841 0.4156746031746032 0.5466269841269841 0.42228835978835977 0.5535714285714286 0.4322089947089947 0.5617559523809523 0.43882275132275134 0.5716765873015873 0.44477513227513227 0.5885416666666666 0.4599867724867725 0.5969742063492064 0.4652777777777778 0.6034226190476191 0.4712301587301587 0.6148313492063492 0.48544973544973546 0.6197916666666666 0.49537037037037035 0.6254960317460317 0.5026455026455027 0.6264880952380952 0.5059523809523809 0.6354166666666666 0.515542328042328 0.640625 0.519510582010582 0.6475694444444444 0.5208333333333334 0.7088293650793651 0.5694444444444444 0.7274305555555556 0.5863095238095238 0.7378472222222222 0.5932539682539683 0.7626488095238095 0.6058201058201058 0.7814980158730159 0.6104497354497355 0.7946428571428571 0.6104497354497355 0.8038194444444444 0.6081349206349206 0.8139880952380952 0.6025132275132276 0.8172123015873016 0.5972222222222222 0.8189484126984127 0.5846560846560847 0.8159722222222222 0.5757275132275133 0.7934027777777778 0.5357142857142857 0.7909226190476191 0.52744708994709 0.7884424603174603 0.5228174603174603 0.7824900793650794 0.5162037037037037 0.7725694444444444 0.5082671957671958 0.7653769841269841 0.5052910052910053 0.7619047619047619 0.5013227513227513 0.7475198412698413 0.4930555555555556 0.7313988095238095 0.48677248677248675 0.7185019841269841 0.4794973544973545 0.7056051587301587 0.47453703703703703 0.675843253968254 0.4599867724867725 0.6540178571428571 0.44477513227513227 0.626984126984127 0.42923280423280424 0.6197916666666666 0.4236111111111111 0.6046626984126984 0.41898148148148145 0.6016865079365079 0.4156746031746032 0.5813492063492064 0.4064153439153439 0.5565476190476191 0.3994708994708995 0.5528273809523809 0.40145502645502645
1 0.6960565476190477 0.4868551587301587 0.028025793650793652 0.023974867724867725
1 0.052083333333333336 0.42162698412698413 0.051587301587301584 0.42857142857142855 0.05233134920634921 0.4298941798941799 0.060515873015873016 0.43187830687830686 0.07316468253968254 0.4308862433862434 0.09424603174603174 0.42427248677248675 0.11284722222222222 0.421957671957672 0.14087301587301587 0.42427248677248675 0.14856150793650794 0.42162698412698413 0.15699404761904762 0.4262566137566138 0.1793154761904762 0.4255952380952381 0.18129960317460317 0.42162698412698413 0.18030753968253968 0.4183201058201058 0.1765873015873016 0.4146825396825397 0.17609126984126985 0.40906084656084657 0.17733134920634921 0.4054232804232804 0.17881944444444445 0.4044312169312169 0.17956349206349206 0.40046296296296297 0.18253968253968253 0.39814814814814814 0.21031746031746032 0.39285714285714285 0.21676587301587302 0.39021164021164023 0.22098214285714285 0.39021164021164023 0.22470238095238096 0.3931878306878307 0.22718253968253968 0.39285714285714285 0.2309027777777778 0.38955026455026454 0.23462301587301587 0.38955026455026454 0.23809523809523808 0.3948412698412698 0.2400793650793651 0.39186507936507936 0.24677579365079366 0.38822751322751325 0.24801587301587302 0.3862433862433862 0.24801587301587302 0.38326719576719576 0.2442956349206349 0.376984126984127 0.2378472222222222 0.37136243386243384 0.23115079365079366 0.3687169312169312 0.22817460317460317 0.36937830687830686 0.2234623015873016 0.3680555555555556 0.2204861111111111 0.36507936507936506 0.2123015873015873 0.36408730158730157 0.1753472222222222 0.36772486772486773 0.14434523809523808 0.37466931216931215 0.13368055555555555 0.37533068783068785 0.11681547619047619 0.38062169312169314 0.11061507936507936 0.38425925925925924 0.109375 0.3835978835978836 0.10615079365079365 0.3872354497354497 0.09573412698412699 0.39285714285714285 0.08482142857142858 0.3951719576719577 0.05927579365079365 0.4126984126984127 0.05381944444444445 0.4183201058201058
1 0.06076388888888889 0.41369047619047616 0.060515873015873016 0.4156746031746032 0.06398809523809523 0.4146825396825397 0.08134920634920635 0.4150132275132275 0.08110119047619048 0.4113756613756614 0.0845734126984127 0.40145502645502645 0.0882936507936508 0.4017857142857143 0.09499007936507936 0.39814814814814814 0.09598214285714286 0.39351851851851855 0.10193452380952381 0.38921957671957674 0.11507936507936507 0.38591269841269843 0.11929563492063493 0.38227513227513227 0.12946428571428573 0.3783068783068783 0.1636904761904762 0.3707010582010582 0.1817956349206349 0.36078042328042326 0.1996527777777778 0.35648148148148145 0.20238095238095238 0.35284391534391535 0.20982142857142858 0.3498677248677249 0.2269345238095238 0.3373015873015873 0.23586309523809523 0.3210978835978836 0.2353670634920635 0.3187830687830688 0.23387896825396826 0.31712962962962965 0.21726190476190477 0.31316137566137564 0.19469246031746032 0.310515873015873 0.18799603174603174 0.310515873015873 0.18204365079365079 0.31216931216931215 0.12276785714285714 0.3551587301587302 0.11235119047619048 0.3673941798941799 0.09796626984126984 0.37665343915343913 0.08382936507936507 0.3951719576719577 0.06398809523809523 0.41104497354497355 0.06299603174603174 0.41335978835978837