1 0.4837962962962963 0.5029761904761905 0.4818121693121693 0.5052083333333334 0.4871031746031746 0.5106646825396826 0.4877645502645503 0.519593253968254 0.4914021164021164 0.5257936507936508 0.498015873015873 0.5285218253968254 0.5158730158730159 0.5406746031746031 0.5340608465608465 0.5483630952380952 0.5436507936507936 0.5565476190476191 0.5529100529100529 0.5610119047619048 0.558531746031746 0.5654761904761905 0.5674603174603174 0.5696924603174603 0.5744047619047619 0.5709325396825397 0.5813492063492064 0.5706845238095238 0.5846560846560847 0.5721726190476191 0.583994708994709 0.5744047619047619 0.5849867724867724 0.5751488095238095 0.5929232804232805 0.5783730158730159 0.6005291005291006 0.5808531746031746 0.6160714285714286 0.5838293650793651 0.6246693121693122 0.5868055555555556 0.6782407407407407 0.6130952380952381 0.7493386243386243 0.6440972222222222 0.7701719576719577 0.6500496031746031 0.7800925925925926 0.6552579365079365 0.7966269841269841 0.6614583333333334 0.8515211640211641 0.6703869047619048 0.8667328042328042 0.6701388888888888 0.875 0.6684027777777778 0.8802910052910053 0.6659226190476191 0.8872354497354498 0.6604662698412699 0.8888888888888888 0.6577380952380952 0.8888888888888888 0.6512896825396826 0.8802910052910053 0.6341765873015873 0.8716931216931217 0.6222718253968254 0.8591269841269841 0.6111111111111112 0.8382936507936508 0.6001984126984127 0.810515873015873 0.5900297619047619 0.7734788359788359 0.578125 0.748015873015873 0.5756448412698413 0.6283068783068783 0.5486111111111112 0.6197089947089947 0.548859126984127 0.6117724867724867 0.5473710317460317 0.6021825396825397 0.5443948412698413 0.5849867724867724 0.535218253968254 0.5806878306878307 0.5314980158730159 0.5618386243386243 0.5238095238095238 0.5532407407407407 0.5168650793650794 0.533068783068783 0.5096726190476191 0.5261243386243386 0.5059523809523809 0.5191798941798942 0.5037202380952381 0.4914021164021164 0.5017361111111112 0.4877645502645503 0.5034722222222222
1 0.3673941798941799 0.7388392857142857 0.36706349206349204 0.7579365079365079 0.3697089947089947 0.769593253968254 0.376984126984127 0.7785218253968254 0.38591269841269843 0.7817460317460317 0.3948412698412698 0.7864583333333334 0.3978174603174603 0.7867063492063492 0.4017857142857143 0.7854662698412699 0.41435185185185186 0.7787698412698413 0.42394179894179895 0.7757936507936508 0.435515873015873 0.7698412698412699 0.4494047619047619 0.7581845238095238 0.46395502645502645 0.7390873015873016 0.4781746031746032 0.7170138888888888 0.4834656084656085 0.705109126984127 0.49503968253968256 0.6857638888888888 0.5023148148148148 0.6671626984126984 0.5036375661375662 0.65625 0.5162037037037037 0.6227678571428571 0.5171957671957672 0.6155753968253969 0.5198412698412699 0.6111111111111112 0.5254629629629629 0.5944940476190477 0.531084656084656 0.5853174603174603 0.5413359788359788 0.5629960317460317 0.541005291005291 0.5565476190476191 0.529431216931217 0.5500992063492064 0.5257936507936508 0.5498511904761905 0.5224867724867724 0.5513392857142857 0.5109126984126984 0.5587797619047619 0.5029761904761905 0.5674603174603174 0.4947089947089947 0.5731646825396826 0.48842592592592593 0.5811011904761905 0.4801587301587302 0.5880456349206349 0.4755291005291005 0.5939980158730159 0.4712301587301587 0.6026785714285714 0.45205026455026454 0.6227678571428571 0.43783068783068785 0.6418650793650794 0.41435185185185186 0.6651785714285714 0.4011243386243386 0.6815476190476191 0.3912037037037037 0.6969246031746031 0.38326719576719576 0.7058531746031746 0.37566137566137564 0.7170138888888888 0.37202380952380953 0.7237103174603174
1 0.19378306878306878 0.7299107142857143 0.19345238095238096 0.7341269841269841 0.1960978835978836 0.7371031746031746 0.20304232804232805 0.7366071428571429 0.20535714285714285 0.7380952380952381 0.20502645502645503 0.7482638888888888 0.20634920634920634 0.7502480158730159 0.21329365079365079 0.751984126984127 0.23015873015873015 0.7517361111111112 0.24404761904761904 0.75 0.2605820105820106 0.7455357142857143 0.29133597883597884 0.7316468253968254 0.30224867724867727 0.7251984126984127 0.3194444444444444 0.7170138888888888 0.3687169312169312 0.6820436507936508 0.37996031746031744 0.6728670634920635 0.38855820105820105 0.6634424603174603 0.421957671957672 0.640625 0.4279100529100529 0.6344246031746031 0.43882275132275134 0.6287202380952381 0.4652777777777778 0.6071428571428571 0.47585978835978837 0.5910218253968254 0.49503968253968256 0.576140873015873 0.498015873015873 0.5687003968253969 0.5062830687830688 0.5607638888888888 0.5069444444444444 0.5530753968253969 0.5092592592592593 0.5463789682539683 0.5119047619047619 0.5431547619047619 0.5076058201058201 0.5396825396825397 0.5059523809523809 0.5362103174603174 0.49437830687830686 0.5327380952380952 0.4904100529100529 0.5344742063492064 0.48412698412698413 0.5334821428571429 0.4791666666666667 0.5367063492063492 0.4728835978835979 0.5466269841269841 0.460978835978836 0.5575396825396826 0.4566798941798942 0.5639880952380952 0.45601851851851855 0.5672123015873016 0.4513888888888889 0.5694444444444444 0.44212962962962965 0.5803571428571429 0.43154761904761907 0.5887896825396826 0.41435185185185186 0.5949900793650794 0.38756613756613756 0.6071428571428571 0.37996031746031744 0.6083829365079365 0.33895502645502645 0.6267361111111112 0.32705026455026454 0.6272321428571429 0.30522486772486773 0.6416170634920635 0.29662698412698413 0.6443452380952381 0.28604497354497355 0.6455853174603174 0.27215608465608465 0.6510416666666666 0.265542328042328 0.6552579365079365 0.24768518518518517 0.6636904761904762 0.22354497354497355 0.6780753968253969 0.21064814814814814 0.6889880952380952 0.20072751322751323 0.7028769841269841 0.1974206349206349 0.7108134920634921
1 0.14814814814814814 0.6512896825396826 0.14682539682539683 0.6540178571428571 0.14715608465608465 0.658234126984127 0.15806878306878308 0.6686507936507936 0.1693121693121693 0.6728670634920635 0.18485449735449735 0.6736111111111112 0.20337301587301587 0.671875 0.2152777777777778 0.6681547619047619 0.23148148148148148 0.6649305555555556 0.23941798941798942 0.6607142857142857 0.26884920634920634 0.6510416666666666 0.2800925925925926 0.6453373015873016 0.2857142857142857 0.6438492063492064 0.28703703703703703 0.6413690476190477 0.2906746031746032 0.6411210317460317 0.29398148148148145 0.6381448412698413 0.30324074074074076 0.6351686507936508 0.3253968253968254 0.6240079365079365 0.3392857142857143 0.6232638888888888 0.35119047619047616 0.6200396825396826 0.36243386243386244 0.6143353174603174 0.373015873015873 0.6059027777777778 0.41005291005291006 0.5892857142857143 0.42857142857142855 0.5845734126984127 0.435515873015873 0.5815972222222222 0.4444444444444444 0.5721726190476191 0.4513888888888889 0.5677083333333334 0.45866402116402116 0.5575396825396826 0.46296296296296297 0.5540674603174603 0.4728835978835979 0.5421626984126984 0.4775132275132275 0.5396825396825397 0.4798280423280423 0.529265873015873 0.4771825396825397 0.5260416666666666 0.4738756613756614 0.5245535714285714 0.45965608465608465 0.5252976190476191 0.4451058201058201 0.5285218253968254 0.41865079365079366 0.5374503968253969 0.4123677248677249 0.5411706349206349 0.40343915343915343 0.5431547619047619 0.39021164021164023 0.5481150793650794 0.36937830687830686 0.5580357142857143 0.3587962962962963 0.5610119047619048 0.3492063492063492 0.5622519841269841 0.33630952380952384 0.5684523809523809 0.3210978835978836 0.5724206349206349 0.310515873015873 0.5763888888888888 0.3005952380952381 0.5786210317460317 0.28703703703703703 0.5833333333333334 0.26421957671957674 0.5870535714285714 0.24867724867724866 0.5912698412698413 0.23776455026455026 0.5927579365079365 0.22486772486772486 0.5967261904761905 0.20932539682539683 0.5989583333333334 0.19642857142857142 0.6024305555555556 0.18915343915343916 0.605406746031746 0.16964285714285715 0.6205357142857143
1 0.15608465608465608 0.564484126984127 0.15476190476190477 0.5674603174603174 0.15575396825396826 0.5711805555555556 0.15806878306878308 0.5778769841269841 0.16170634920634921 0.5833333333333334 0.16435185185185186 0.5850694444444444 0.16832010582010581 0.5853174603174603 0.17724867724867724 0.5892857142857143 0.20304232804232805 0.5962301587301587 0.22685185185185186 0.5944940476190477 0.2900132275132275 0.5806051587301587 0.3644179894179894 0.5538194444444444 0.41203703703703703 0.5389384920634921 0.41898148148148145 0.5357142857142857 0.45601851851851855 0.5235615079365079 0.4646164021164021 0.5215773809523809 0.4708994708994709 0.5173611111111112 0.47685185185185186 0.515625 0.4775132275132275 0.5133928571428571 0.4808201058201058 0.5121527777777778 0.47883597883597884 0.5101686507936508 0.4781746031746032 0.5037202380952381 0.47883597883597884 0.5017361111111112 0.48148148148148145 0.5004960317460317 0.5198412698412699 0.4982638888888889 0.5208333333333334 0.4965277777777778 0.5251322751322751 0.49429563492063494 0.5248015873015873 0.48834325396825395 0.5281084656084656 0.4809027777777778 0.5257936507936508 0.47842261904761907 0.5085978835978836 0.47767857142857145 0.49834656084656087 0.482390873015873 0.49437830687830686 0.4818948412698413 0.4914021164021164 0.4826388888888889 0.4718915343915344 0.4888392857142857 0.4675925925925926 0.48933531746031744 0.45436507936507936 0.49429563492063494 0.43882275132275134 0.4975198412698413 0.42857142857142855 0.5007440476190477 0.40046296296296297 0.5009920634920635 0.38062169312169314 0.5034722222222222 0.37136243386243384 0.5027281746031746 0.3558201058201058 0.503968253968254 0.3419312169312169 0.5071924603174603 0.28935185185185186 0.511656746031746 0.27215608465608465 0.5138888888888888 0.2542989417989418 0.5178571428571429 0.24404761904761904 0.5188492063492064 0.20502645502645503 0.5302579365079365 0.17824074074074073 0.5426587301587301 0.16732804232804233 0.5503472222222222
1 0.1746031746031746 0.4739583333333333 0.17261904761904762 0.4806547619047619 0.1746031746031746 0.4861111111111111 0.17724867724867724 0.4880952380952381 0.18551587301587302 0.49107142857142855 0.19642857142857142 0.4982638888888889 0.2080026455026455 0.5029761904761905 0.22354497354497355 0.5037202380952381 0.23875661375661375 0.5069444444444444 0.2698412698412698 0.5069444444444444 0.28935185185185186 0.5081845238095238 0.3177910052910053 0.5076884920634921 0.3382936507936508 0.5062003968253969 0.3654100529100529 0.5009920634920635 0.3812830687830688 0.5004960317460317 0.4080687830687831 0.49702380952380953 0.4103835978835979 0.4957837301587302 0.4203042328042328 0.49429563492063494 0.42824074074074076 0.49528769841269843 0.43617724867724866 0.49429563492063494 0.4398148148148148 0.49503968253968256 0.4556878306878307 0.4928075396825397 0.48478835978835977 0.48487103174603174 0.48974867724867727 0.482390873015873 0.5188492063492064 0.4749503968253968 0.5211640211640212 0.4704861111111111 0.5218253968253969 0.46056547619047616 0.5188492063492064 0.45783730158730157 0.515542328042328 0.4568452380952381 0.5119047619047619 0.45188492063492064 0.5049603174603174 0.44990079365079366 0.5009920634920635 0.44990079365079366 0.4973544973544973 0.4521329365079365 0.49437830687830686 0.4513888888888889 0.49272486772486773 0.45287698412698413 0.49404761904761907 0.4568452380952381 0.48974867724867727 0.4585813492063492 0.48478835978835977 0.4595734126984127 0.47354497354497355 0.4585813492063492 0.4699074074074074 0.4600694444444444 0.4642857142857143 0.4603174603174603 0.4599867724867725 0.4600694444444444 0.44841269841269843 0.4565972222222222 0.41964285714285715 0.4541170634920635 0.40046296296296297 0.4506448412698413 0.37665343915343913 0.4494047619047619 0.35912698412698413 0.44642857142857145 0.33134920634920634 0.4446924603174603 0.3082010582010582 0.4417162698412698 0.2820767195767196 0.4409722222222222 0.2667549603174603 0.44221230158730157 0.23743386243386244 0.44221230158730157 0.21395502645502645 0.44568452380952384 0.19543650793650794 0.45337301587301587 0.18915343915343916 0.45709325396825395 0.17857142857142858 0.4670138888888889
1 0.2294973544973545 0.41517857142857145 0.22850529100529102 0.4184027777777778 0.230489417989418 0.42162698412698413 0.2414021164021164 0.42956349206349204 0.2447089947089947 0.43353174603174605 0.2509920634920635 0.43427579365079366 0.2662037037037037 0.4312996031746032 0.29034391534391535 0.42237103174603174 0.296957671957672 0.41865079365079366 0.5102513227513228 0.34250992063492064 0.515542328042328 0.341765873015873 0.5168650793650794 0.3402777777777778 0.5287698412698413 0.33482142857142855 0.5363756613756614 0.328125 0.541005291005291 0.3179563492063492 0.5393518518518519 0.31101190476190477 0.5406746031746031 0.3033234126984127 0.5519179894179894 0.2864583333333333 0.5515873015873016 0.2829861111111111 0.5400132275132276 0.2743055555555556 0.5340608465608465 0.27232142857142855 0.5281084656084656 0.2718253968253968 0.5148809523809523 0.27232142857142855 0.4930555555555556 0.2757936507936508 0.4666005291005291 0.28521825396825395 0.4480820105820106 0.29637896825396826 0.43187830687830686 0.3030753968253968 0.3664021164021164 0.33407738095238093 0.3544973544973545 0.3430059523809524 0.3220899470899471 0.35912698412698413 0.3018078703703704 0.3750825892857143 0.2867063492063492 0.37996031746031744 0.2761243386243386 0.3869047619047619 0.2585978835978836 0.39384920634920634 0.23148148148148148 0.4126984126984127
1 0.3273809523809524 0.41443452380952384 0.32605820105820105 0.4181547619047619 0.328042328042328 0.4211309523809524 0.3349867724867725 0.42237103174603174 0.40906084656084657 0.41418650793650796 0.4262566137566138 0.4107142857142857 0.4305555555555556 0.41096230158730157 0.43187830687830686 0.4146825396825397 0.4341931216931217 0.4149305555555556 0.43617724867724866 0.4124503968253968 0.4460978835978836 0.4089781746031746 0.47453703703703703 0.40401785714285715 0.48412698412698413 0.4045138888888889 0.4930555555555556 0.40302579365079366 0.5324074074074074 0.40029761904761907 0.5476190476190477 0.3960813492063492 0.5849867724867724 0.3931051587301587 0.6124338624338624 0.3871527777777778 0.6236772486772487 0.3836805555555556 0.6332671957671958 0.38169642857142855 0.6412037037037037 0.3814484126984127 0.6471560846560847 0.3794642857142857 0.6557539682539683 0.37475198412698413 0.6752645502645502 0.3603670634920635 0.6908068783068783 0.34598214285714285 0.6921296296296297 0.341765873015873 0.6822089947089947 0.32837301587301587 0.6789021164021164 0.32663690476190477 0.6514550264550265 0.3209325396825397 0.6455026455026455 0.32068452380952384 0.6296296296296297 0.3209325396825397 0.6124338624338624 0.32415674603174605 0.5535714285714286 0.34052579365079366 0.5505952380952381 0.34250992063492064 0.5436507936507936 0.34399801587301587 0.5406746031746031 0.3462301587301587 0.533068783068783 0.3479662698412698 0.5281084656084656 0.3506944444444444 0.501984126984127 0.3583829365079365 0.49933862433862436 0.3611111111111111 0.4871031746031746 0.36532738095238093 0.484457671957672 0.36731150793650796 0.4619708994708995 0.37648809523809523 0.45006613756613756 0.37896825396825395 0.435515873015873 0.3794642857142857 0.4209656084656085 0.38169642857142855 0.4113756613756614 0.38467261904761907 0.3974867724867725 0.3861607142857143 0.38326719576719576 0.39112103174603174 0.36144179894179895 0.39632936507936506 0.3558201058201058 0.3990575396825397 0.3376322751322751 0.4045138888888889 0.333994708994709 0.40674603174603174 0.3306878306878307 0.4124503968253968
1 0.40674603174603174 0.435515873015873 0.4064153439153439 0.4429563492063492 0.40773809523809523 0.44494047619047616 0.4117063492063492 0.4476686507936508 0.4212962962962963 0.4494047619047619 0.43617724867724866 0.4489087301587302 0.45072751322751325 0.4496527777777778 0.47619047619047616 0.44642857142857145 0.4880952380952381 0.4461805555555556 0.49074074074074076 0.44518849206349204 0.4947089947089947 0.4461805555555556 0.5082671957671958 0.4459325396825397 0.5138888888888888 0.44246031746031744 0.5188492063492064 0.4409722222222222 0.5251322751322751 0.4419642857142857 0.5291005291005291 0.4437003968253968 0.5608465608465608 0.4446924603174603 0.5777116402116402 0.4466765873015873 0.5912698412698413 0.4476686507936508 0.5992063492063492 0.44717261904761907 0.6015211640211641 0.4479166666666667 0.6504629629629629 0.4439484126984127 0.7308201058201058 0.44345238095238093 0.748015873015873 0.439484126984127 0.7685185185185185 0.4322916666666667 0.7804232804232805 0.42311507936507936 0.783068783068783 0.41865079365079366 0.7840608465608465 0.4134424603174603 0.7837301587301587 0.41121031746031744 0.7807539682539683 0.40773809523809523 0.7757936507936508 0.404265873015873 0.7619047619047619 0.39955357142857145 0.736441798941799 0.3854166666666667 0.7215608465608465 0.3819444444444444 0.6994047619047619 0.3821924603174603 0.6782407407407407 0.3844246031746032 0.6630291005291006 0.3888888888888889 0.6421957671957672 0.39211309523809523 0.5773809523809523 0.3943452380952381 0.5575396825396826 0.39732142857142855 0.47354497354497355 0.4055059523809524 0.45866402116402116 0.40848214285714285 0.4212962962962963 0.41294642857142855 0.41203703703703703 0.41517857142857145 0.41005291005291006 0.4166666666666667 0.4087301587301587 0.42137896825396826 0.40906084656084657 0.4288194444444444
1 0.5059523809523809 0.44543650793650796 0.5079365079365079 0.44915674603174605 0.5191798941798942 0.455109126984127 0.5231481481481481 0.45907738095238093 0.5251322751322751 0.4722222222222222 0.52744708994709 0.4739583333333333 0.5360449735449735 0.47668650793650796 0.5677910052910053 0.4826388888888889 0.6686507936507936 0.49107142857142855 0.7146164021164021 0.49875992063492064 0.7619047619047619 0.5052083333333334 0.7833994708994709 0.5062003968253969 0.7976190476190477 0.5027281746031746 0.8062169312169312 0.49875992063492064 0.8240740740740741 0.4878472222222222 0.8359788359788359 0.47867063492063494 0.8382936507936508 0.4742063492063492 0.8379629629629629 0.4670138888888889 0.8366402116402116 0.4650297619047619 0.8244047619047619 0.4558531746031746 0.7996031746031746 0.44990079365079366 0.7840608465608465 0.4479166666666667 0.736441798941799 0.44568452380952384 0.734457671957672 0.44494047619047616 0.7321428571428571 0.44568452380952384 0.7063492063492064 0.44494047619047616 0.6431878306878307 0.44568452380952384 0.6180555555555556 0.4486607142857143 0.6039460978835979 0.4489087301587302 0.5539021164021164 0.4461805555555556 0.546957671957672 0.4439484126984127 0.5369269179894179 0.44494047619047616 0.5085978835978836 0.4437003968253968
1 0.5403439153439153 0.4809027777777778 0.5380291005291006 0.4871031746031746 0.5347222222222222 0.4915674603174603 0.5264550264550265 0.4982638888888889 0.5264550264550265 0.5017361111111112 0.5297619047619048 0.5057043650793651 0.5496031746031746 0.5146329365079365 0.5572089947089947 0.5193452380952381 0.5588624338624338 0.5188492063492064 0.5638227513227513 0.5205853174603174 0.5674603174603174 0.5203373015873016 0.578042328042328 0.5257936507936508 0.6025132275132276 0.5310019841269841 0.6058201058201058 0.5342261904761905 0.6097883597883598 0.5334821428571429 0.6121031746031746 0.535218253968254 0.6193783068783069 0.5364583333333334 0.6650132275132276 0.5550595238095238 0.673941798941799 0.5562996031746031 0.6957671957671958 0.5627480158730159 0.7063492063492064 0.5632440476190477 0.7093253968253969 0.5654761904761905 0.716931216931217 0.5674603174603174 0.7182539682539683 0.5669642857142857 0.7291666666666666 0.5696924603174603 0.7377645502645502 0.5699404761904762 0.7516534391534392 0.5744047619047619 0.7546296296296297 0.5734126984126984 0.7582671957671958 0.5753968253968254 0.7628968253968254 0.5749007936507936 0.765542328042328 0.5763888888888888 0.7698412698412699 0.5751488095238095 0.7797619047619048 0.5753968253968254 0.7837301587301587 0.5739087301587301 0.7863756613756614 0.5744047619047619 0.7999338624338624 0.5699404761904762 0.8098544973544973 0.5691964285714286 0.8191137566137566 0.5647321428571429 0.8257275132275133 0.5582837301587301 0.8267195767195767 0.5530753968253969 0.8240740740740741 0.5434027777777778 0.8108465608465608 0.5290178571428571 0.7900132275132276 0.5141369047619048 0.779431216931217 0.5101686507936508 0.7724867724867724 0.5109126984126984 0.765542328042328 0.5069444444444444 0.7619047619047619 0.5069444444444444 0.7585978835978836 0.5054563492063492 0.7546296296296297 0.5057043650793651 0.7516534391534392 0.5042162698412699 0.7490079365079365 0.5044642857142857 0.72255291005291 0.4990079365079365 0.7066798941798942 0.49875992063492064 0.6967592592592593 0.4965277777777778 0.6888227513227513 0.49677579365079366 0.6749338624338624 0.4928075396825397 0.6547619047619048 0.4898313492063492 0.6329365079365079 0.48933531746031744 0.6299603174603174 0.49032738095238093 0.6233465608465608 0.48759920634920634 0.621031746031746 0.4880952380952381 0.6061507936507936 0.48487103174603174 0.5730820105820106 0.484375 0.5641534391534392 0.482390873015873 0.5578703703703703 0.48214285714285715 0.5505952380952381 0.47966269841269843 0.5436507936507936 0.4791666666666667