1 0.17807539682539683 0.4914021164021164 0.1783234126984127 0.5115740740740741 0.18204365079365079 0.5271164021164021 0.18526785714285715 0.5353835978835979 0.1966765873015873 0.5505952380952381 0.20362103174603174 0.5532407407407407 0.20982142857142858 0.5502645502645502 0.21106150793650794 0.542989417989418 0.2095734126984127 0.5416666666666666 0.20758928571428573 0.533068783068783 0.20833333333333334 0.5224867724867724 0.21106150793650794 0.5132275132275133 0.21651785714285715 0.5056216931216931 0.21999007936507936 0.5026455026455027 0.2378472222222222 0.49636243386243384 0.24156746031746032 0.4904100529100529 0.24503968253968253 0.4460978835978836 0.2418154761904762 0.40773809523809523 0.2418154761904762 0.3835978835978836 0.23834325396825398 0.3429232804232804 0.24231150793650794 0.3349867724867725 0.26587301587301587 0.30357142857142855 0.2648809523809524 0.29927248677248675 0.2584325396825397 0.2959656084656085 0.24975198412698413 0.2959656084656085 0.23958333333333334 0.29993386243386244 0.22991071428571427 0.3058862433862434 0.22668650793650794 0.3091931216931217 0.22271825396825398 0.31415343915343913 0.21626984126984128 0.32671957671957674 0.21279761904761904 0.3369708994708995 0.20634920634920634 0.3488756613756614 0.19940476190476192 0.3726851851851852 0.18551587301587302 0.43187830687830686 0.18229166666666666 0.4523809523809524 0.1800595238095238 0.4794973544973545
1 0.2537202380952381 0.36904761904761907 0.251984126984127 0.373015873015873 0.25223214285714285 0.37665343915343913 0.2554563492063492 0.3869047619047619 0.2795138888888889 0.41104497354497355 0.2864583333333333 0.4146825396825397 0.29191468253968256 0.4156746031746032 0.3070436507936508 0.416005291005291 0.328125 0.41335978835978837 0.359375 0.4050925925925926 0.36433531746031744 0.40244708994708994 0.37648809523809523 0.39914021164021163 0.388640873015873 0.396494708994709 0.4156746031746032 0.3941798941798942 0.4228670634920635 0.390542328042328 0.42212301587301587 0.38855820105820105 0.4184027777777778 0.3872354497354497 0.41577380952380955 0.3888888888888889 0.4099702380952381 0.38921957671957674 0.3970734126984127 0.38921957671957674 0.392609126984127 0.3878968253968254 0.39360119047619047 0.35978835978835977 0.4007936507936508 0.35912698412698413 0.4017857142857143 0.3558201058201058 0.4007936507936508 0.3521825396825397 0.38740079365079366 0.35185185185185186 0.37549603174603174 0.3501984126984127 0.3732638888888889 0.3488756613756614 0.3318452380952381 0.3472222222222222 0.28125 0.3488756613756614 0.26884920634920634 0.3531746031746032 0.25818452380952384 0.3621031746031746
1 0.4332837301587302 0.41898148148148145 0.4330357142857143 0.4246031746031746 0.4347718253968254 0.43187830687830686 0.43898809523809523 0.43584656084656087 0.4459325396825397 0.4375 0.4503968253968254 0.43716931216931215 0.4600694444444444 0.43584656084656087 0.466765873015873 0.43287037037037035 0.49503968253968256 0.41203703703703703 0.5044642857142857 0.4027777777777778 0.5275297619047619 0.3835978835978836 0.5327380952380952 0.3783068783068783 0.5334821428571429 0.37566137566137564 0.5362103174603174 0.37367724867724866 0.5458829365079365 0.36044973544973546 0.5523313492063492 0.3578042328042328 0.5788690476190477 0.35615079365079366 0.5892857142857143 0.3525132275132275 0.6130952380952381 0.3406084656084656 0.6207837301587301 0.3382936507936508 0.6242559523809523 0.3349867724867725 0.6237599206349206 0.3210978835978836 0.6195436507936508 0.3201058201058201 0.6014384920634921 0.3244047619047619 0.5793650793650794 0.3263888888888889 0.5649801587301587 0.3296957671957672 0.5518353174603174 0.330026455026455 0.5503472222222222 0.32407407407407407 0.5461309523809523 0.32076719576719576 0.5317460317460317 0.3244047619047619 0.5243055555555556 0.32771164021164023 0.49528769841269843 0.3472222222222222 0.48115079365079366 0.3521825396825397 0.46205357142857145 0.36243386243386244 0.45337301587301587 0.37136243386243384 0.4494047619047619 0.3726851851851852 0.44543650793650796 0.376984126984127 0.43898809523809523 0.3912037037037037 0.43774801587301587 0.4037698412698413
1 0.5838293650793651 0.43915343915343913 0.5833333333333334 0.4460978835978836 0.5848214285714286 0.45436507936507936 0.5885416666666666 0.460978835978836 0.6309523809523809 0.46130952380952384 0.638640873015873 0.4546957671957672 0.7036210317460317 0.36904761904761907 0.707093253968254 0.36607142857142855 0.6971726190476191 0.3611111111111111 0.6904761904761905 0.3551587301587302 0.6820436507936508 0.3498677248677249 0.6684027777777778 0.3521825396825397 0.6577380952380952 0.35912698412698413 0.6507936507936508 0.3673941798941799 0.6351686507936508 0.37962962962962965 0.6302083333333334 0.3869047619047619 0.6284722222222222 0.39186507936507936 0.6207837301587301 0.4021164021164021 0.6103670634920635 0.4113756613756614 0.6088789682539683 0.414021164021164 0.6006944444444444 0.4146825396825397 0.5954861111111112 0.4173280423280423 0.5882936507936508 0.42757936507936506
1 0.6490575396825397 0.4213723544973545 0.018849206349206348 0.05173611111111111
1 0.7021329365079365 0.5400132275132276 0.7018849206349206 0.5433201058201058 0.7110615079365079 0.5539021164021164 0.7150297619047619 0.5634920634920635 0.7157738095238095 0.5697751322751323 0.7194940476190477 0.5717592592592593 0.7309027777777778 0.5710978835978836 0.7440476190476191 0.5671296296296297 0.7631448412698413 0.5572089947089947 0.7671130952380952 0.5535714285714286 0.7626488095238095 0.5423280423280423 0.7591765873015873 0.5403439153439153 0.7321428571428571 0.5386904761904762
1 0.5572916666666666 0.6752645502645502 0.5570436507936508 0.6851851851851852 0.560515873015873 0.6997354497354498 0.5803571428571429 0.703042328042328 0.5887896825396826 0.703042328042328 0.5925099206349206 0.7003968253968254 0.6059027777777778 0.6812169312169312 0.6202876984126984 0.654431216931217 0.6336805555555556 0.6246693121693122 0.6458333333333334 0.5906084656084656 0.6493055555555556 0.5873015873015873 0.6612103174603174 0.582010582010582 0.6624503968253969 0.5783730158730159 0.6619543650793651 0.5747354497354498 0.6552579365079365 0.5727513227513228 0.6433531746031746 0.5727513227513228 0.6326884920634921 0.5757275132275133 0.6235119047619048 0.5767195767195767 0.6183035714285714 0.580026455026455 0.6078869047619048 0.58994708994709 0.5815972222222222 0.623015873015873 0.574156746031746 0.6339285714285714 0.560515873015873 0.6613756613756614
1 0.3869047619047619 0.6329365079365079 0.3869047619047619 0.6388888888888888 0.3896329365079365 0.646494708994709 0.4007936507936508 0.654431216931217 0.40476190476190477 0.6541005291005291 0.40848214285714285 0.6554232804232805 0.41096230158730157 0.6583994708994709 0.41517857142857145 0.6577380952380952 0.4164186507936508 0.6613756613756614 0.42137896825396826 0.6636904761904762 0.42782738095238093 0.6646825396825397 0.4469246031746032 0.6626984126984127 0.46651785714285715 0.6577380952380952 0.5049603174603174 0.6415343915343915 0.5329861111111112 0.6266534391534392 0.5443948412698413 0.6200396825396826 0.5528273809523809 0.6111111111111112 0.5758928571428571 0.5988756613756614 0.5875496031746031 0.5886243386243386 0.5962301587301587 0.5773809523809523 0.5994543650793651 0.5747354497354498 0.6026785714285714 0.5687830687830688 0.6031746031746031 0.5628306878306878 0.6019345238095238 0.5591931216931217 0.5987103174603174 0.5572089947089947 0.5952380952380952 0.5591931216931217 0.5902777777777778 0.5661375661375662 0.5865575396825397 0.5691137566137566 0.576140873015873 0.5750661375661376 0.5562996031746031 0.5846560846560847 0.5404265873015873 0.58994708994709 0.5386904761904762 0.5896164021164021 0.5364583333333334 0.5853174603174603 0.5086805555555556 0.5859788359788359 0.49875992063492064 0.5876322751322751 0.4898313492063492 0.5863095238095238 0.47693452380952384 0.5879629629629629 0.45808531746031744 0.5882936507936508 0.42485119047619047 0.5952380952380952 0.4146825396825397 0.5985449735449735 0.4037698412698413 0.6058201058201058 0.39732142857142855 0.6124338624338624 0.3933531746031746 0.6183862433862434
1 0.4868551587301587 0.6171660052910053 0.015873015873015872 0.0332771164021164
1 0.7120535714285714 0.6603835978835979 0.7127976190476191 0.6716269841269841 0.716765873015873 0.6792328042328042 0.7204861111111112 0.6812169312169312 0.730406746031746 0.6832010582010583 0.738343253968254 0.683531746031746 0.7447916666666666 0.6822089947089947 0.7805059523809523 0.6650132275132276 0.7953869047619048 0.6550925925925926 0.8072916666666666 0.6488095238095238 0.8142361111111112 0.642526455026455 0.8209325396825397 0.6339285714285714 0.8231646825396826 0.6170634920634921 0.826140873015873 0.6127645502645502 0.8206845238095238 0.6137566137566137 0.8184523809523809 0.6121031746031746 0.8062996031746031 0.6121031746031746 0.8053075396825397 0.6087962962962963 0.8065476190476191 0.6058201058201058 0.8018353174603174 0.6048280423280423 0.7881944444444444 0.6101190476190477 0.7408234126984127 0.6167328042328042 0.7378472222222222 0.6187169312169312 0.734375 0.6190476190476191 0.7291666666666666 0.623015873015873 0.7237103174603174 0.6292989417989417 0.7232142857142857 0.6329365079365079 0.7199900793650794 0.6342592592592593 0.7135416666666666 0.6507936507936508
1 0.7586805555555556 0.7390873015873016 0.7591765873015873 0.748015873015873 0.7619047619047619 0.753968253968254 0.7619047619047619 0.7585978835978836 0.7626488095238095 0.7592592592592593 0.7698412698412699 0.7602513227513228 0.785218253968254 0.7589285714285714 0.7934027777777778 0.7546296296296297 0.8005952380952381 0.7417328042328042 0.8107638888888888 0.7172619047619048 0.8258928571428571 0.6696428571428571 0.8345734126984127 0.6474867724867724 0.8355654761904762 0.6421957671957672 0.8355654761904762 0.6319444444444444 0.8345734126984127 0.6187169312169312 0.8328373015873016 0.6121031746031746 0.8298611111111112 0.6124338624338624 0.8239087301587301 0.6197089947089947 0.7881944444444444 0.6838624338624338 0.7782738095238095 0.6960978835978836 0.7715773809523809 0.7076719576719577 0.7688492063492064 0.7099867724867724 0.7651289682539683 0.716931216931217