0 0.3568121693121693 0.5215773809523809 0.35714285714285715 0.5262896825396826 0.3601190476190476 0.5297619047619048 0.35912698412698413 0.5327380952380952 0.3627645502645503 0.5451388888888888 0.36177248677248675 0.5483630952380952 0.3627645502645503 0.5548115079365079 0.37466931216931215 0.5486111111111112 0.37665343915343913 0.5496031746031746 0.3773148148148148 0.5451388888888888 0.3855820105820106 0.5438988095238095 0.3869047619047619 0.5463789682539683 0.3878968253968254 0.544890873015873 0.4011243386243386 0.544890873015873 0.4021164021164021 0.5513392857142857 0.39914021164021163 0.5577876984126984 0.4001322751322751 0.560515873015873 0.40343915343915343 0.5634920634920635 0.4031084656084656 0.5679563492063492 0.4044312169312169 0.5691964285714286 0.40773809523809523 0.5696924603174603 0.4083994708994709 0.5677083333333334 0.42824074074074076 0.5677083333333334 0.43154761904761907 0.5694444444444444 0.43584656084656087 0.5694444444444444 0.4398148148148148 0.5677083333333334 0.44246031746031744 0.5699404761904762 0.4451058201058201 0.5699404761904762 0.4444444444444444 0.559110367063492 0.4470899470899471 0.5562996031746031 0.4494047619047619 0.5567956349206349 0.453042328042328 0.5543154761904762 0.4580026455026455 0.5543154761904762 0.45866402116402116 0.5513392857142857 0.46130952380952384 0.5493551587301587 0.4632936507936508 0.5520833333333334 0.4666005291005291 0.546875 0.4646164021164021 0.5364583333333334 0.4675925925925926 0.5324900793650794 0.46395502645502645 0.5302579365079365 0.46296296296296297 0.5257936507936508 0.4401455026455027 0.5245535714285714 0.43915343915343913 0.5188492063492064 0.4351851851851852 0.5213293650793651 0.4322089947089947 0.5190972222222222 0.4255952380952381 0.517609126984127 0.4209656084656085 0.5181051587301587 0.41798941798941797 0.5171130952380952 0.41633597883597884 0.5190972222222222 0.4130291005291005 0.5190972222222222 0.4113756613756614 0.517609126984127 0.4103835978835979 0.5183531746031746 0.40244708994708994 0.5143849206349206 0.4037698412698413 0.5119047619047619 0.40145502645502645 0.5094246031746031 0.396494708994709 0.5079365079365079 0.3941798941798942 0.5059523809523809 0.3872354497354497 0.5057043650793651 0.38392857142857145 0.5044642857142857 0.3816137566137566 0.5049603174603174 0.38095238095238093 0.5086805555555556 0.38227513227513227 0.5109126984126984 0.3773148148148148 0.5163690476190477 0.3697089947089947 0.515625 0.36574074074074076 0.513640873015873
0 0.31283068783068785 0.32589285714285715 0.3134920634920635 0.33581349206349204 0.31216931216931215 0.34598214285714285 0.314484126984127 0.34846230158730157 0.31283068783068785 0.3539186507936508 0.31415343915343913 0.3697916666666667 0.31646825396825395 0.37003968253968256 0.31845238095238093 0.3732638888888889 0.3244047619047619 0.37648809523809523 0.3287037037037037 0.3851686507936508 0.328042328042328 0.3869047619047619 0.32936507936507936 0.390625 0.32671957671957674 0.3940972222222222 0.328042328042328 0.3978174603174603 0.3263888888888889 0.4007936507936508 0.33101851851851855 0.4037698412698413 0.33564814814814814 0.40327380952380953 0.3382936507936508 0.40500992063492064 0.3419312169312169 0.39955357142857145 0.3455687830687831 0.3978174603174603 0.34226190476190477 0.392609126984127 0.3468915343915344 0.3871527777777778 0.34656084656084657 0.3819444444444444 0.34325396825396826 0.37822420634920634 0.3462301587301587 0.37351190476190477 0.34523809523809523 0.3663194444444444 0.34656084656084657 0.36235119047619047 0.3488756613756614 0.35887896825396826 0.35119047619047616 0.35813492063492064 0.35714285714285715 0.3618551587301587 0.35912698412698413 0.3621031746031746 0.3601190476190476 0.3603670634920635 0.36078042328042326 0.3479662698412698 0.3644179894179894 0.3420138888888889 0.3637566137566138 0.33556547619047616 0.36673280423280424 0.3211805555555556 0.36706349206349204 0.3132440476190476 0.36607142857142855 0.31200396825396826 0.3673941798941799 0.3097718253968254 0.3697089947089947 0.310515873015873 0.37136243386243384 0.3072916666666667 0.37037037037037035 0.3053075396825397 0.3716931216931217 0.30009920634920634 0.3707010582010582 0.2926587301587302 0.36904761904761907 0.29216269841269843 0.3664021164021164 0.2926587301587302 0.36607142857142855 0.2941468253968254 0.36078042328042326 0.2945188492063492 0.36044973544973546 0.28621031746031744 0.3558201058201058 0.28249007936507936 0.35548941798941797 0.2837301587301587 0.3343253968253968 0.28621031746031744 0.33134920634920634 0.28447420634920634 0.330026455026455 0.2898065476190476 0.32572751322751325 0.29216269841269843 0.32407407407407407 0.29092261904761907 0.3220899470899471 0.29290674603174605 0.31746031746031744 0.29290674603174605 0.31613756613756616 0.3040674603174603 0.3134920634920635 0.310515873015873 0.31415343915343913 0.3211805555555556
0 0.21296296296296297 0.6086309523809523 0.20634920634920634 0.6465773809523809 0.20634920634920634 0.652281746031746 0.20833333333333334 0.6463293650793651 0.2113095238095238 0.6450892857142857 0.2175925925925926 0.6493055555555556 0.21957671957671956 0.6535218253968254 0.2208994708994709 0.6540178571428571 0.22486772486772486 0.6443452380952381 0.23412698412698413 0.6396329365079365 0.23809523809523808 0.6391369047619048 0.24239417989417988 0.6423611111111112 0.24206349206349206 0.644593253968254 0.2447089947089947 0.6475694444444444 0.2457010582010582 0.6547619047619048 0.24272486772486773 0.65625 0.24239417989417988 0.6579861111111112 0.24702380952380953 0.6614583333333334 0.24834656084656084 0.6671626984126984 0.2490079365079365 0.6604662698412699 0.25892857142857145 0.6579861111111112 0.25826719576719576 0.6560019841269841 0.2595899470899471 0.6537698412698413 0.2622354497354497 0.654265873015873 0.26355820105820105 0.6527777777777778 0.26455026455026454 0.6450892857142857 0.2701719576719577 0.6408730158730159 0.2757936507936508 0.6403769841269841 0.27744708994708994 0.6374007936507936 0.2794312169312169 0.6371527777777778 0.2800925925925926 0.6351686507936508 0.28273809523809523 0.6336805555555556 0.2896825396825397 0.6259920634920635 0.2916666666666667 0.6212797619047619 0.2943121693121693 0.6197916666666666 0.2923280423280423 0.6116071428571429 0.29034391534391535 0.609375 0.2923280423280423 0.6039186507936508 0.3019179894179894 0.6049107142857143 0.3039021164021164 0.6026785714285714 0.3072089947089947 0.6024305555555556 0.3072089947089947 0.5987103174603174 0.3048941798941799 0.5952380952380952 0.3039021164021164 0.5751488095238095 0.30522486772486773 0.566468253968254 0.3029100529100529 0.5602678571428571 0.3002645502645503 0.5595238095238095 0.29927248677248675 0.560515873015873 0.2691798941798942 0.5548115079365079 0.26884920634920634 0.5528273809523809 0.267526455026455 0.5528273809523809 0.2648809523809524 0.5493551587301587 0.2612433862433862 0.5483630952380952 0.2605820105820106 0.5538194444444444 0.2628968253968254 0.5587797619047619 0.24801587301587302 0.5659722222222222 0.24702380952380953 0.5674603174603174 0.24107142857142858 0.5677083333333334 0.2404100529100529 0.5716765873015873 0.22916666666666666 0.5729166666666666 0.22718253968253968 0.5662202380952381 0.226521164021164 0.5709325396825397 0.22023809523809523 0.5845734126984127 0.2199074074074074 0.5922619047619048 0.22156084656084657 0.5959821428571429
0 0.5033068783068783 0.2748015873015873 0.5042989417989417 0.30084325396825395 0.5076058201058201 0.3055555555555556 0.5119047619047619 0.31572420634920634 0.5257936507936508 0.3382936507936508 0.5291005291005291 0.34064980158730157 0.5327380952380952 0.3464781746031746 0.5327380952380952 0.34945436507936506 0.5357142857142857 0.3506944444444444 0.5396825396825397 0.3583829365079365 0.5433201058201058 0.3583829365079365 0.5462962962962963 0.3603670634920635 0.5539021164021164 0.3621031746031746 0.5555555555555556 0.37450396825396826 0.5601851851851852 0.3787202380952381 0.5591931216931217 0.3812003968253968 0.5572089947089947 0.3804563492063492 0.5558862433862434 0.3814484126984127 0.5555555555555556 0.3836805555555556 0.5572089947089947 0.38566468253968256 0.5641534391534392 0.3864087301587302 0.5661375661375662 0.3836805555555556 0.5654761904761905 0.3792162698412698 0.5734126984126984 0.3792162698412698 0.5747354497354498 0.3814484126984127 0.5806878306878307 0.3836805555555556 0.582010582010582 0.390625 0.5843253968253969 0.38492063492063494 0.5886243386243386 0.38392857142857145 0.591931216931217 0.38566468253968256 0.5929232804232805 0.3841765873015873 0.5916005291005291 0.3603670634920635 0.5892857142857143 0.3529265873015873 0.5849867724867724 0.3239087301587302 0.5826719576719577 0.3187003968253968 0.578042328042328 0.29092261904761907 0.5697751322751323 0.26512896825396826 0.5641534391534392 0.2544642857142857 0.5618386243386243 0.2534722222222222 0.560515873015873 0.25 0.5482804232804233 0.23660714285714285 0.5304232804232805 0.22743055555555555 0.5224867724867724 0.2251984126984127 0.5185185185185185 0.22743055555555555 0.519510582010582 0.23462301587301587 0.5171957671957672 0.2361111111111111 0.5119047619047619 0.23214285714285715 0.5082671957671958 0.24032738095238096 0.5059523809523809 0.26612103174603174
0 0.42824074074074076 0.6488095238095238 0.42857142857142855 0.6741071428571429 0.4322089947089947 0.6922123015873016 0.43683862433862436 0.699156746031746 0.4351851851851852 0.7018849206349206 0.43584656084656087 0.7100694444444444 0.43915343915343913 0.7113921130952381 0.4384920634920635 0.7172619047619048 0.44047619047619047 0.7204861111111112 0.44246031746031744 0.7311507936507936 0.4497354497354497 0.7450396825396826 0.45535714285714285 0.7485119047619048 0.45436507936507936 0.7517361111111112 0.4576719576719577 0.753968253968254 0.4576719576719577 0.7589285714285714 0.458994708994709 0.761656746031746 0.4632936507936508 0.7641369047619048 0.4666005291005291 0.761656746031746 0.47023809523809523 0.7633928571428571 0.4738756613756614 0.7624007936507936 0.4791666666666667 0.7683531746031746 0.4791666666666667 0.7740575396825397 0.47619047619047616 0.7775297619047619 0.47619047619047616 0.7814980158730159 0.47354497354497355 0.7829861111111112 0.4751984126984127 0.7901785714285714 0.4742063492063492 0.7916666666666666 0.47023809523809523 0.7924107142857143 0.47023809523809523 0.7941468253968254 0.4732142857142857 0.7961309523809523 0.4738756613756614 0.8020833333333334 0.4771825396825397 0.8077876984126984 0.47784391534391535 0.8048115079365079 0.48048941798941797 0.8015873015873016 0.484457671957672 0.8033234126984127 0.48478835978835977 0.8003472222222222 0.482473544973545 0.7983630952380952 0.48974867724867727 0.7934027777777778 0.4937169312169312 0.794890873015873 0.49636243386243384 0.7991071428571429 0.498015873015873 0.8077876984126984 0.5009920634920635 0.8102678571428571 0.5 0.8125 0.5009920634920635 0.816468253968254 0.5016534391534392 0.8169642857142857 0.5145502645502645 0.8125 0.515542328042328 0.8134920634920635 0.5165343915343915 0.7514880952380952 0.515542328042328 0.7504960317460317 0.5138888888888888 0.7509920634920635 0.5119047619047619 0.7492559523809523 0.5138888888888888 0.7373511904761905 0.5165343915343915 0.7346230158730159 0.517526455026455 0.7311507936507936 0.517526455026455 0.7120535714285714 0.5191798941798942 0.6959325396825397 0.513558201058201 0.6599702380952381 0.5122354497354498 0.654265873015873 0.5085978835978836 0.6478174603174603 0.5085978835978836 0.6428571428571429 0.5066137566137566 0.6416170634920635 0.5049603174603174 0.636656746031746 0.5016534391534392 0.6324404761904762 0.49702380952380953 0.6316964285714286 0.4923941798941799 0.6235119047619048 0.48214285714285715 0.6148313492063492 0.4738756613756614 0.6091269841269841 0.46924603174603174 0.6088789682539683 0.4666005291005291 0.6108630952380952 0.46296296296296297 0.607390873015873 0.4599867724867725 0.6078869047619048 0.4566798941798942 0.6111111111111112 0.4487433862433862 0.611359126984127 0.44312169312169314 0.6155753968253969 0.43915343915343913 0.6227678571428571 0.435515873015873 0.6267361111111112 0.43584656084656087 0.6302083333333334 0.43353174603174605 0.6374007936507936 0.4312169312169312 0.6396329365079365
0 0.656084656084656 0.6530257936507936 0.6567460317460317 0.671875 0.6577380952380952 0.6753472222222222 0.6620370370370371 0.6785714285714286 0.6650132275132276 0.6862599206349206 0.6689814814814815 0.6887400793650794 0.6752645502645502 0.6971726190476191 0.6812169312169312 0.7006448412698413 0.6951058201058201 0.7132936507936508 0.720568783068783 0.7326388888888888 0.7404100529100529 0.7450396825396826 0.7556216931216931 0.7529761904761905 0.7582671957671958 0.7562003968253969 0.7612433862433863 0.7569444444444444 0.7619047619047619 0.7586805555555556 0.7738095238095238 0.765625 0.779431216931217 0.767609126984127 0.779431216931217 0.7688492063492064 0.781084656084656 0.7681051587301587 0.7840608465608465 0.7690972222222222 0.7857142857142857 0.7723214285714286 0.7896825396825397 0.7738095238095238 0.7943121693121693 0.7723214285714286 0.8005952380952381 0.7723214285714286 0.8082010582010583 0.7752976190476191 0.810515873015873 0.7800099206349206 0.8118386243386243 0.7787698412698413 0.8177910052910053 0.7797619047619048 0.8376322751322751 0.8000992063492064 0.8422619047619048 0.8010912698412699 0.845568783068783 0.8065476190476191 0.8505291005291006 0.8043154761904762 0.8518518518518519 0.8003472222222222 0.8587962962962963 0.8015873015873016 0.8627645502645502 0.800843253968254 0.8627645502645502 0.7963789682539683 0.859457671957672 0.7946428571428571 0.8591269841269841 0.7919146825396826 0.8224206349206349 0.7437996031746031 0.8138227513227513 0.7309027777777778 0.8072089947089947 0.7237103174603174 0.8005952380952381 0.7110615079365079 0.7890211640211641 0.6961805555555556 0.7853835978835979 0.6944444444444444 0.781415343915344 0.6902281746031746 0.7777777777777778 0.6817956349206349 0.7566137566137566 0.6579861111111112 0.7447089947089947 0.6460813492063492 0.7407407407407407 0.6443452380952381 0.7341269841269841 0.6381448412698413 0.7271825396825397 0.6336805555555556 0.716931216931217 0.6287202380952381 0.7099867724867724 0.626984126984127 0.7066798941798942 0.6245039682539683 0.6815476190476191 0.6227678571428571 0.6742724867724867 0.6267361111111112 0.6746031746031746 0.6324404761904762 0.6646825396825397 0.6364087301587301 0.658068783068783 0.6371527777777778
0 0.7668650793650794 0.4072420634920635 0.7668650793650794 0.4174107142857143 0.769510582010582 0.4322916666666667 0.7721560846560847 0.4412202380952381 0.7781084656084656 0.45262896825396826 0.7820767195767195 0.46478174603174605 0.7913359788359788 0.484375 0.792989417989418 0.5104166666666666 0.7966269841269841 0.5200892857142857 0.8015873015873016 0.5277777777777778 0.8022486772486772 0.5362103174603174 0.8068783068783069 0.5466269841269841 0.8088624338624338 0.5555555555555556 0.8052248677248677 0.5639880952380952 0.8048941798941799 0.5677083333333334 0.7982804232804233 0.5756448412698413 0.7903439153439153 0.5815972222222222 0.7863756613756614 0.5877976190476191 0.779431216931217 0.6036706349206349 0.7787698412698413 0.6091269841269841 0.7724867724867724 0.6168154761904762 0.7652116402116402 0.6329365079365079 0.763558201058201 0.6401289682539683 0.7628968253968254 0.6478174603174603 0.7648809523809523 0.6622023809523809 0.771494708994709 0.671875 0.779431216931217 0.6785714285714286 0.7833994708994709 0.6850198412698413 0.7893518518518519 0.6907242063492064 0.7933201058201058 0.6929563492063492 0.7966269841269841 0.691468253968254 0.7976190476190477 0.6897321428571429 0.7976190476190477 0.6793154761904762 0.7919973544973545 0.6651785714285714 0.792989417989418 0.654265873015873 0.791005291005291 0.6510416666666666 0.7867063492063492 0.6485615079365079 0.7853835978835979 0.6457093253968254 0.7853835978835979 0.6436011904761905 0.7903439153439153 0.6359126984126984 0.791005291005291 0.6292162698412699 0.7943121693121693 0.6240079365079365 0.7966269841269841 0.6235119047619048 0.8002645502645502 0.6205357142857143 0.8045634920634921 0.609375 0.8098544973544973 0.6009424603174603 0.8171296296296297 0.595734126984127 0.8290343915343915 0.5922619047619048 0.8326719576719577 0.5887896825396826 0.8488756613756614 0.5853174603174603 0.8528439153439153 0.582093253968254 0.8591269841269841 0.5716765873015873 0.8630952380952381 0.560515873015873 0.8677248677248677 0.5265376984126984 0.8713624338624338 0.5091765873015873 0.8703703703703703 0.4947916666666667 0.8660714285714286 0.4712301587301587 0.8657407407407407 0.4255952380952381 0.8670634920634921 0.4069940476190476 0.8634259259259259 0.3871527777777778 0.8558201058201058 0.3759920634920635 0.8495370370370371 0.3697916666666667 0.8432539682539683 0.3658234126984127 0.828042328042328 0.36160714285714285 0.8141534391534392 0.3603670634920635 0.8072089947089947 0.36086309523809523 0.8035714285714286 0.3628472222222222 0.7959656084656085 0.3697916666666667 0.7751322751322751 0.390625 0.7705026455026455 0.3970734126984127
0 0.6577380952380952 0.6391369047619048 0.6557539682539683 0.6547619047619048 0.6557539682539683 0.6661706349206349 0.6577380952380952 0.6728670634920635 0.6646825396825397 0.683531746031746 0.6732804232804233 0.6904761904761905 0.6769179894179894 0.6964285714285714 0.6875 0.7046130952380952 0.6917989417989417 0.7098214285714286 0.7242063492063492 0.7348710317460317 0.7410714285714286 0.7450396825396826 0.7447089947089947 0.7462797619047619 0.7619047619047619 0.7591765873015873 0.7708333333333334 0.7633928571428571 0.8313492063492064 0.798859126984127 0.8396164021164021 0.8025793650793651 0.8492063492063492 0.8100198412698413 0.8445767195767195 0.8172123015873016 0.8429232804232805 0.8224206349206349 0.8369708994708994 0.8246527777777778 0.8316798941798942 0.8283730158730159 0.8277116402116402 0.8263888888888888 0.8240740740740741 0.8276289682539683 0.8227513227513228 0.8293650793650794 0.8204365079365079 0.8296130952380952 0.8174603174603174 0.8276289682539683 0.8118386243386243 0.8315972222222222 0.810515873015873 0.8353174603174603 0.8134920634920635 0.8382936507936508 0.8148148148148148 0.841765873015873 0.8210978835978836 0.8454861111111112 0.8220899470899471 0.8487103174603174 0.8277116402116402 0.8524305555555556 0.8313492063492064 0.8524305555555556 0.8376322751322751 0.845734126984127 0.8591269841269841 0.84375 0.8660714285714286 0.8420138888888888 0.871031746031746 0.8345734126984127 0.8713624338624338 0.8102678571428571 0.8601190476190477 0.7894345238095238 0.8520724206349206 0.7829035218253968 0.8485449735449735 0.7785218253968254 0.794973544973545 0.703125 0.7665343915343915 0.6684027777777778 0.75 0.6502976190476191 0.7265211640211641 0.6331845238095238 0.7103174603174603 0.6264880952380952 0.6941137566137566 0.6232638888888888 0.6795634920634921 0.6222718253968254 0.6755952380952381 0.623015873015873 0.6732804232804233 0.6264880952380952 0.6709656084656085 0.6344246031746031 0.667989417989418 0.6349206349206349 0.6610449735449735 0.6339285714285714 0.658068783068783 0.636656746031746
0 0.42824074074074076 0.6473214285714286 0.42757936507936506 0.6622023809523809 0.42857142857142855 0.6765873015873016 0.435515873015873 0.7110615079365079 0.43915343915343913 0.7232142857142857 0.44907407407407407 0.7440476190476191 0.45271164021164023 0.7562003968253969 0.4626322751322751 0.7752976190476191 0.4755291005291005 0.808531746031746 0.48048941798941797 0.8249007936507936 0.48842592592592593 0.841765873015873 0.49074074074074076 0.8494543650793651 0.4933862433862434 0.8489583333333334 0.49404761904761907 0.8444940476190477 0.4904100529100529 0.8178323412698413 0.4973544973544973 0.8157242063492064 0.5023148148148148 0.8231646825396826 0.5085978835978836 0.8385416666666666 0.5152116402116402 0.8454861111111112 0.5188492063492064 0.8452380952380952 0.5201719576719577 0.8422619047619048 0.5201719576719577 0.8283730158730159 0.5168650793650794 0.7956349206349206 0.5188492063492064 0.6912202380952381 0.5145502645502645 0.6592261904761905 0.5112433862433863 0.6475694444444444 0.5 0.6292162698412699 0.4834656084656085 0.6155753968253969 0.4705687830687831 0.6083829365079365 0.4599867724867725 0.6091269841269841 0.44576719576719576 0.6128472222222222 0.4401455026455027 0.6192956349206349 0.43386243386243384 0.6297123015873016
0 0.17526455026455026 0.7041170634920635 0.17526455026455026 0.7132936507936508 0.17857142857142858 0.7194940476190477 0.18088624338624337 0.7204861111111112 0.1818783068783069 0.7237103174603174 0.18683862433862433 0.7271825396825397 0.1960978835978836 0.7313988095238095 0.21395502645502645 0.7135416666666666 0.2328042328042328 0.6917162698412699 0.23743386243386244 0.6872519841269841 0.24206349206349206 0.685515873015873 0.2876984126984127 0.6277281746031746 0.2943121693121693 0.6207837301587301 0.30787037037037035 0.6011904761904762 0.3082010582010582 0.5987103174603174 0.30224867724867727 0.5920138888888888 0.30158730158730157 0.5858134920634921 0.3048941798941799 0.5711805555555556 0.30522486772486773 0.5612599206349206 0.3072089947089947 0.5572916666666666 0.30753968253968256 0.5461309523809523 0.31117724867724866 0.5399305555555556 0.3158068783068783 0.5163690476190477 0.3201058201058201 0.5119047619047619 0.32572751322751325 0.5081845238095238 0.32771164021164023 0.5084325396825397 0.328042328042328 0.5042162698412699 0.3220899470899471 0.5052083333333334 0.3194444444444444 0.5076884920634921 0.31746031746031744 0.5079365079365079 0.31613756613756616 0.5104166666666666 0.31316137566137564 0.5124007936507936 0.2996031746031746 0.5071924603174603 0.3012566137566138 0.49677579365079366 0.3002645502645503 0.4955357142857143 0.2943121693121693 0.4962797619047619 0.2662037037037037 0.5111607142857143 0.25066137566137564 0.5225694444444444 0.2447089947089947 0.5290178571428571 0.2361111111111111 0.5426587301587301 0.21494708994708994 0.5959821428571429 0.20634920634920634 0.6418650793650794 0.20403439153439154 0.6684027777777778 0.20105820105820105 0.6817956349206349 0.19907407407407407 0.6840277777777778 0.1960978835978836 0.6832837301587301 0.18485449735449735 0.6892361111111112 0.18121693121693122 0.6927083333333334 0.18121693121693122 0.6949404761904762 0.17857142857142858 0.6956845238095238
0 0.3115079365079365 0.3253968253968254 0.31183862433862436 0.3630952380952381 0.3151455026455027 0.37524801587301587 0.32076719576719576 0.41195436507936506 0.32705026455026454 0.43278769841269843 0.32936507936507936 0.4476686507936508 0.33201058201058203 0.4503968253968254 0.3353174603174603 0.44841269841269843 0.3412698412698413 0.4469246031746032 0.3429232804232804 0.4427083333333333 0.3488756613756614 0.4181547619047619 0.3501984126984127 0.404265873015873 0.3627645502645503 0.34945436507936506 0.37466931216931215 0.2867063492063492 0.375 0.2725694444444444 0.36607142857142855 0.26438492063492064 0.36144179894179895 0.2698412698412698 0.359457671957672 0.2760416666666667 0.3525132275132275 0.2760416666666667 0.34953703703703703 0.26884920634920634 0.3455687830687831 0.26537698412698413 0.3412698412698413 0.26537698412698413 0.3386243386243386 0.26686507936507936 0.32837301587301587 0.2757936507936508 0.32076719576719576 0.28596230158730157 0.31613756613756616 0.29538690476190477 0.31283068783068785 0.30952380952380953
0 0.5023148148148148 0.28149801587301587 0.501984126984127 0.2934027777777778 0.5029761904761905 0.29712301587301587 0.5115740740740741 0.3149801587301587 0.5162037037037037 0.3209325396825397 0.5674603174603174 0.40476190476190477 0.5717592592592593 0.3948412698412698 0.5744047619047619 0.3960813492063492 0.5813492063492064 0.39632936507936506 0.583994708994709 0.39384920634920634 0.5859788359788359 0.39384920634920634 0.58994708994709 0.39806547619047616 0.5952380952380952 0.3993055555555556 0.5958994708994709 0.3970734126984127 0.5922619047619048 0.37450396825396826 0.5916005291005291 0.35987103174603174 0.5876322751322751 0.34350198412698413 0.5859788359788359 0.32862103174603174 0.5813492063492064 0.31101190476190477 0.5787037037037037 0.2931547619047619 0.5687830687830688 0.2621527777777778 0.5615079365079365 0.25049603174603174 0.548941798941799 0.23759920634920634 0.5363756613756614 0.23015873015873015 0.5231481481481481 0.2251984126984127 0.5185185185185185 0.22643849206349206 0.5185185185185185 0.22941468253968253 0.513558201058201 0.23115079365079366 0.5119047619047619 0.2296626984126984 0.5109126984126984 0.23115079365079366 0.5085978835978836 0.24032738095238096 0.5066137566137566 0.26264880952380953